
enzyme_cols <- c("All" = "#575A6C",
                 "AspN" = "#B4C540",
                 "Tryp" = "#E84D8A",
                 "Ct" = "#64C5EB",
                 "Ct+Tryp" = "#7F58AF")


concentration_cols <- c("1" = "#90E0EF", 
                        "10" = "#00B4D8", 
                        "100" = "#0077B6", 
                        "1000" = "#03045E")


tools_cols <- c("MSFragger" = "#e46e00", 
                "MaxQuant" = "#12878b", 
                "Casanovo" = "#6a3e37")
